83
83
83
72
64
68
71
75
77
66
57
48
47
54
50
58
50
52
46
48
46
38
42
38
40
43
49
49
56
56
64
54
63
56
48
48
47
58
49
56
51
51
44
45
36
32
32
32
34
30
31
30
32
28
32
29
35
30
32
29
32
25
23
24
26
28
30
34
32
35
39
35
38
37
38
37
31
36
32
39
31
28
27
28
33
31
39
32
37
35
36
44
40
42
42
38
36
34
35
32
34
34
36
34
35
38
40
44
48
48
43
52
41
37
31
28
29
33
31
38
29
26
26
26
28
30
30
30
35
35
34
30
26
27
27
30
34
34
40
35
31
32
35
35
31
30
27
24
21
19
15
15
15
15
15
15
15
15
15
15
15
15
15
15
15
15
15
15
15
15
15
15
15
15
15
15
15
15
15
15
15
15
15
15
15
15
15
15
15
15
15
15
15
15
15
15
15
15
15
15
15
15
15
15
15
15
15
15
15
15
15
15
15
15
15
15
15
15
15
15
15
15
15
15
15
15
15
15
15
15
15
15
15
15
15
15
15
15
15
15
15
